#' Complete list of palettes
#'
#' Use \code{\link{jdb_palette}} to construct palettes of desired length.
#'
#' @export
jdb_palettes <- list(

  # Palettes from wesanderson that are being retained
  GrandBudapest = c("#F1BB7B", "#FD6467", "#5B1A18", "#D67236"),
  Moonrise1 = c("#F3DF6C", "#CEAB07", "#D5D5D3", "#24281A"),
  Royal1 = c("#899DA4", "#C93312", "#FAEFD1", "#DC863B"),
  Moonrise2 = c("#798E87", "#C27D38", "#CCC591", "#29211F"),
  Cavalcanti = c("#D8B70A", "#02401B", "#A2A475", "#81A88D", "#972D15"),
  Royal2 = c("#9A8822", "#F5CDB4", "#F8AFA8", "#FDDDA0", "#74A089"),
  GrandBudapest2 = c("#E6A0C4", "#C6CDF7", "#D8A499", "#7294D4"),
  Moonrise3 = c("#85D4E3", "#F4B5BD", "#9C964A", "#CDC08C", "#FAD77B"),
  Chevalier = c("#446455", "#FDD262", "#D3DDDC", "#C7B19C"),
  Zissou = c("#3B9AB2", "#78B7C5", "#EBCC2A", "#E1AF00", "#F21A00"),
  FantasticFox = c("#DD8D29", "#E2D200", "#46ACC8", "#E58601", "#B40F20"),
  Darjeeling = c("#FF0000", "#00A08A", "#F2AD00", "#F98400", "#5BBCD6"),
  Rushmore = c("#E1BD6D", "#EABE94", "#0B775E", "#35274A" ,"#F2300F"),
  BottleRocket = c("#A42820", "#5F5647", "#9B110E", "#3F5151", "#4E2A1E", "#550307", "#0C1707"),
  Darjeeling2 = c("#ECCBAE", "#046C9A", "#D69C4E", "#ABDDDE", "#000000"),
  BottleRocket2 = c("#FAD510", "#CB2314", "#273046", "#354823", "#1E1E1E"),

  # Palettes from JDB
  citric = c('#03AB11', '#FFF301'),
  citrus = c('#15E602', '#FFFF33'),
  berry = c('#7700FF', '#FF0080'),
  forest = c('#E0E0E0', '#6BDA61', '#15E602'),
  white_mango = c('#FFFFFF', '#FF00FF', '#FF0000'),
  white_tango = c('#FFFFFF', '#FF00FF', '#9500FF'),
  white_grove = c('#FFFFFF', '#FFF301', '#BAE61D', '#01DF29'),
  white_jungle = c('#FFFFFF', '#FFF301', '#03AB11'),
  white_orange = c('#FFFFFF', '#FFF301', '#FF7700'),
  horizon = c('#000033', '#000075', '#0000B6', '#0000F8', '#2E00FF', '#6100FF', '#9408F7', '#C729D6', '#FA4AB5', '#FF6A95', '#FF8B74', '#FFAC53', '#FFCD32', '#FFEE11', '#FFFF60'),
  horizon_extra = c('#000033', '#000075', '#0000B6', '#0000F8', '#2E00FF', '#6100FF', '#9408F7', '#C729D6', '#FA4AB5', '#FF6A95', '#FF8B74', '#FFAC53', '#FFCD32', '#FFEE11', '#FFFF60', '#FFFFFF'),

  wolfgang_basic = c('#FFFFD9', '#EDF8B1', '#C7E9B4', '#7FCDBB', '#41B6C4', '#1D91C0', '#225EA8', '#253494', '#081D58'),
  wolfgang_extra = c('#FFFFFF', '#FCFED3', '#E3F4B1', '#ABDEB6', '#60C1BF', '#2A9EC1', '#206AAD', '#243996', '#081D58'),
  solar_flare = c('#3361A5', '#2884E7', '#1BA7FF', '#76CEFF', '#FFFFFF', '#FFE060', '#FA8E24', '#DA2828', '#A31D1D'),
  solar_glare = c('#3361A5', '#2884E7', '#1BA7FF', '#76CEFF', '#FCFCFC', '#FFE060', '#FA8E24', '#DA2828', '#A31D1D'),
  solar_basic = c('#214B85', '#1873CC', '#1E90FF', '#00BFFF', '#ACD8E5', '#D2D2D2', '#FFD700', '#ED2C2C', '#A31D1D'),
  solar_extra = c('#3361A5', '#248AF3', '#14B3FF', '#88CEEF', '#C1D5DC', '#EAD397', '#FDB31A', '#E42A2A', '#A31D1D'),
  solar_blues = c('#FCFCFC', '#C0E4FD', '#75CEFE', '#0CB9FF', '#1BA7FF', '#1E95FF', '#2884E7', '#3072C5', '#3361A5'),
  solar_rojos = c('#FCFCFC', '#FFEDB0', '#FFDF5F', '#FEC510', '#FA8E24', '#F14C2B', '#DA2828', '#BE2222', '#A31D1D'),
  samba_color = c('#1B85ED', '#1AA2F6', '#00BFFF', '#4AC596', '#00CC00', '#A7D400', '#FFD700', '#FFBE00', '#FFA500'),
  samba_night = c('#1873CC', '#1798E5', '#00BFFF', '#4AC596', '#00CC00', '#A2E700', '#FFFF00', '#FFD200', '#FFA500'),
  samba_light = c('#00D1FF', '#03AB11', '#FFF301'),

  dusk_dawn = c('#98ABC5', '#8D91AD', '#827896', '#775F80', '#6B476B', '#93575B', '#B8684A', '#DB7933', '#FF8C00'),
  dark_cyan = c('#000000', '#0E2824', '#014C44', '#0A5F4F', '#13725A', '#19997F', '#1EC0A6', '#19DFD2', '#00FFFF'),
  dark_blue = c('#000000', '#00171F', '#002F3F', '#00475F', '#005F7F', '#00779F', '#008FBF', '#00A7DF', '#00BFFF'),
  dark_citrus = c('#000000', '#22350F', '#3B680C', '#529111', '#6ABB15', '#74DD0F', '#7FFF00', '#ADF121', '#D1E131'),
  dark_violet = c('#000000', '#1E0A35', '#31016A', '#4B0181', '#660099', '#7800CA', '#8A00FF', '#C800FF', '#FE00FF'),
  ocean_green = c('#07519B', '#2975B4', '#5097C9', '#93C1DF', '#FCFCFC', '#CAEAC5', '#97D494', '#5BAB5A', '#006400'),
  ocean_earth = c('#0F3341', '#1563AA', '#0B99E6', '#3DCDFD', '#F7F7F7', '#B87350', '#872E1C', '#601622', '#401C2A'),
  ocean_brick = c('#0F3341', '#1563AA', '#0B99E6', '#3DCDFD', '#F7F7F7', '#EB9457', '#D1551F', '#B02F1B', '#8D1616'),
  algae_earth = c('#543005', '#985D12', '#CFA154', '#F0DEB1', '#F5F5F5', '#B5E2DC', '#5AB2A8', '#0E726A', '#003C30'),
  flame_flame = c('#000033', '#0000A5', '#1E00FB', '#6F00FD', '#C628D6', '#FE629D', '#FF9B64', '#FFD52C', '#FFFF5F'),
  flame_light = c('#000033', '#000E92', '#1300FF', '#8E0EEA', '#C628D6', '#E9699F', '#FF9B63', '#FFCE62', '#FFFF5F'),
  flame_polar = c('#C628D6', '#8E0EEA', '#1300FF', '#000E92', '#000033', '#7F494D', '#FF9B63', '#FFCE62', '#FFFF5F'),
  flame_volts = c('#000000', '#371377', '#5F00FF', '#9400FF', '#BE00FF', '#E000EB', '#FF00D8', '#FF0090', '#FF004B'),
  flame_watts = c('#FFFFFF', '#C190FF', '#5F00FF', '#9400FF', '#BE00FF', '#E000EB', '#FF00D8', '#FF0090', '#FF004B'),
  flame_artic = c('#000000', '#371377', '#5F00FF', '#BD00EC', '#FF00D8', '#C7ACEC', '#00FFFF', '#0AD7D3', '#0DB2AA'),
  flame_weird = c('#00FFFF', '#0AD7D3', '#0DB2AA', '#1C5551', '#000000', '#371377', '#5F00FF', '#BD00EC', '#FF00D8'),
  flame_blind = c('#0DB2AA', '#0AD7D3', '#00FFFF', '#B1FFFE', '#FFFFFF', '#FFA3EC', '#FF00D8', '#BD00EC', '#5F00FF'),
  flame_macaw = c('#000000', '#28410F', '#477C0E', '#64B114', '#9FCF23', '#C9E553', '#81F7D0', '#16DCD2', '#1AA58C'),
  flame_wings = c('#D1E131', '#85C51D', '#529111', '#2F4E0F', '#000000', '#0F4338', '#107E6A', '#1BBBA7', '#00FFFF'),

  calma_azules = c('#031C25', '#093B4D', '#1C5F77', '#3685A2', '#56A6C3', '#86C2D8', '#B6DDEB', '#F2FBFE'),
  calma_musgos = c('#212503', '#444D09', '#6B771C', '#93A236', '#B4C356', '#CDD886', '#E4EBB6', '#FCFEF2'),
  calma_bosque = c('#032506', '#094D0E', '#1C7722', '#36A23D', '#56C35D', '#86D88B', '#B6EBBA', '#F2FEF3'),
  calma_marino = c('#032515', '#094D2D', '#1C774D', '#36A26F', '#56C390', '#86D8B2', '#B6EBD2', '#F2FEF8'),
  calma_morado = c('#030925', '#09154D', '#1C2B77', '#3648A2', '#5668C3', '#8694D8', '#B6BFEB', '#F2F4FE'),
  calma_manudo = c('#290303', '#590707', '#8C1616', '#BE2A2A', '#DF4A4A', '#ED8080', '#F7B4B4', '#FFEEEE'),
  china_theory = c('#120324', '#420A4A', '#721D57', '#9B3850', '#BC6B58', '#D3B687', '#E6E8B7', '#F8FDF2'),
  china_ranges = c('#031424', '#1F0A4A', '#721D64', '#9B3838', '#BCAB58', '#A0D387', '#B7E8CF', '#F2F9FD'),
  china_weirdo = c('#04032E', '#2E0267', '#890BA3', '#DE15AF', '#FF347E', '#FF7772', '#FFCFAB', '#FFFBEA'),
  china_basics = c('#25032E', '#670253', '#A30B48', '#DE1515', '#FF8534', '#FFE272', '#EEFFAB', '#F2FFEA'),
  china_sunset = c('#031124', '#0C0A4A', '#451D72', '#91389B', '#BC589B', '#D38799', '#E8C1B7', '#FDF9F2'),
  china_dragon = c('#03032A', '#2B065C', '#801491', '#C52696', '#E74671', '#F2917D', '#FADEB3', '#FEFFED'),
  china_novice = c('#2A0E03', '#5C4406', '#7E9114', '#68C526', '#46E748', '#7DF2B2', '#B3FAF2', '#EDF9FF'),

  brewer_fire = c('#FFFFE5', '#FFF7BC', '#FEE391', '#FEC44F', '#FE9929', '#EC7014', '#CC4C02', '#993404', '#662506'),
  brewer_heat = c('#FFF7EC', '#FEE8C8', '#FDD49E', '#FDBB84', '#FC8D59', '#EF6548', '#D7301F', '#B30000', '#7F0000'),
  brewer_orange = c('#FFF5EB', '#FEE6CE', '#FDD0A2', '#FDAE6B', '#FD8D3C', '#F16913', '#D94801', '#A63603', '#7F2704'),
  brewer_red = c('#FFF5F0', '#FEE0D2', '#FCBBA1', '#FC9272', '#FB6A4A', '#EF3B2C', '#CB181D', '#A50F15', '#67000D'),
  brewer_green = c('#F7FCF5', '#E5F5E0', '#C7E9C0', '#A1D99B', '#74C476', '#41AB5D', '#238B45', '#006D2C', '#00441B'),
  brewer_blue = c('#F7FBFF', '#DEEBF7', '#C6DBEF', '#9ECAE1', '#6BAED6', '#4292C6', '#2171B5', '#08519C', '#08306B'),
  brewer_purple = c('#FCFBFD', '#EFEDF5', '#DADAEB', '#BCBDDC', '#9E9AC8', '#807DBA', '#6A51A3', '#54278F', '#3F007D'),
  brewer_violet = c('#FFF7F3', '#FDE0DD', '#FCC5C0', '#FA9FB5', '#F768A1', '#DD3497', '#AE017E', '#7A0177', '#49006A'),